#	A	C	D	E	F	G	H	I	K	L	M	N	P	Q	R	S	T	V	W	Y
NP_055726.3	0.08220603537981269	0.013527575442247659	0.046826222684703434	0.044745057232049947	0.03433922996878252	0.06763787721123829	0.015608740894901144	0.04162330905306972	0.04994797086368366	0.08740894901144641	0.013527575442247659	0.03433922996878252	0.09781477627471384	0.11758584807492195	0.03329864724245578	0.08324661810613944	0.06451612903225806	0.053069719042663895	0.003121748178980229	0.015608740894901144
NP_005148.2	0.08584070796460178	0.012389380530973451	0.03716814159292035	0.07964601769911504	0.02566371681415929	0.07787610619469026	0.021238938053097345	0.02920353982300885	0.07256637168141593	0.08495575221238938	0.01592920353982301	0.035398230088495575	0.07964601769911504	0.02920353982300885	0.05663716814159292	0.10619469026548672	0.05752212389380531	0.05486725663716814	0.011504424778761062	0.02654867256637168
NP_005149.3	0.08289703315881326	0.017452006980802792	0.04101221640488656	0.06980802792321117	0.02617801047120419	0.07504363001745201	0.020942408376963352	0.027923211169284468	0.06457242582897033	0.0924956369982548	0.02006980802792321	0.03664921465968586	0.07853403141361257	0.034904013961605584	0.04712041884816754	0.09598603839441536	0.0636998254799302	0.0636998254799302	0.011343804537521814	0.029668411867364748
NP_001096.1	0.043222003929273084	0.0412573673870334	0.05697445972495088	0.05108055009823183	0.03339882121807466	0.068762278978389	0.023575638506876228	0.05304518664047151	0.05697445972495088	0.10412573673870335	0.0275049115913556	0.04518664047151277	0.04518664047151277	0.04518664047151277	0.05108055009823183	0.07072691552062868	0.05893909626719057	0.07858546168958742	0.01768172888015717	0.0275049115913556
NP_004293.1	0.06732673267326733	0.033663366336633666	0.053465346534653464	0.0594059405940594	0.0297029702970297	0.07524752475247524	0.031683168316831684	0.06336633663366337	0.04554455445544554	0.100990099009901	0.031683168316831684	0.03564356435643564	0.039603960396039604	0.031683168316831684	0.061386138613861385	0.06336633663366337	0.04356435643564356	0.07524752475247524	0.019801980198019802	0.03762376237623762
NP_001607.1	0.07407407407407407	0.037037037037037035	0.05458089668615984	0.07407407407407407	0.03898635477582846	0.06237816764132553	0.02729044834307992	0.05458089668615984	0.06237816764132553	0.08966861598440545	0.031189083820662766	0.03898635477582846	0.05847953216374269	0.03508771929824561	0.04093567251461988	0.04873294346978557	0.04678362573099415	0.07017543859649122	0.021442495126705652	0.03313840155945419
NP_001097.2	0.064453125	0.037109375	0.046875	0.08984375	0.033203125	0.072265625	0.033203125	0.0390625	0.046875	0.111328125	0.01953125	0.033203125	0.064453125	0.029296875	0.0546875	0.056640625	0.046875	0.06640625	0.02734375	0.02734375
NP_000011.1	0.05765407554671968	0.03578528827037773	0.04771371769383698	0.05765407554671968	0.02385685884691849	0.0775347912524851	0.03777335984095427	0.039761431411530816	0.03777335984095427	0.12127236580516898	0.019880715705765408	0.03180914512922465	0.055666003976143144	0.04572564612326044	0.06958250497017893	0.06560636182902585	0.055666003976143144	0.0775347912524851	0.019880715705765408	0.02186878727634195
NP_064632.2	0.10664605873261206	0.013910355486862442	0.04636785162287481	0.07573415765069552	0.061823802163833076	0.07264296754250386	0.03245749613601236	0.04327666151468315	0.05100463678516229	0.09582689335394126	0.030911901081916538	0.03245749613601236	0.05409582689335394	0.04945904173106646	0.0633693972179289	0.061823802163833076	0.03245749613601236	0.05100463678516229	0.0030911901081916537	0.021638330757341576
NP_079152.3	0.10294117647058823	0.02389705882352941	0.05330882352941176	0.058823529411764705	0.04779411764705882	0.09191176470588236	0.02022058823529412	0.029411764705882353	0.03125	0.11580882352941177	0.01838235294117647	0.016544117647058824	0.05330882352941176	0.06985294117647059	0.07904411764705882	0.058823529411764705	0.03860294117647059	0.05514705882352941	0.01838235294117647	0.016544117647058824
NP_005154.2	0.052083333333333336	0.014583333333333334	0.058333333333333334	0.10208333333333333	0.05625	0.0625	0.027083333333333334	0.041666666666666664	0.075	0.08541666666666667	0.03333333333333333	0.027083333333333334	0.04583333333333333	0.035416666666666666	0.0625	0.04791666666666667	0.0625	0.058333333333333334	0.014583333333333334	0.0375
NP_001617.1	0.05405405405405406	0.014553014553014554	0.062370062370062374	0.0893970893970894	0.05405405405405406	0.056133056133056136	0.02286902286902287	0.04365904365904366	0.06444906444906445	0.09355509355509356	0.033264033264033266	0.02494802494802495	0.05197505197505198	0.031185031185031187	0.07276507276507277	0.05405405405405406	0.060291060291060294	0.062370062370062374	0.014553014553014554	0.0395010395010395
NP_005456.1	0.03966597077244259	0.016701461377870562	0.07515657620041753	0.08768267223382047	0.054279749478079335	0.05845511482254697	0.022964509394572025	0.05010438413361169	0.081419624217119	0.08350730688935282	0.033402922755741124	0.031315240083507306	0.04592901878914405	0.029227557411273485	0.060542797494780795	0.05010438413361169	0.06889352818371608	0.054279749478079335	0.014613778705636743	0.04175365344467641
NP_004295.2	0.06851851851851852	0.024074074074074074	0.03641975308641975	0.06296296296296296	0.03209876543209877	0.10123456790123457	0.024691358024691357	0.040740740740740744	0.04197530864197531	0.10123456790123457	0.025308641975308643	0.040123456790123455	0.07777777777777778	0.03888888888888889	0.05308641975308642	0.08641975308641975	0.04567901234567901	0.05555555555555555	0.020370370370370372	0.022839506172839506
BAA36547.1	0.04909090909090909	0.02	0.07090909090909091	0.06	0.034545454545454546	0.04909090909090909	0.04	0.06	0.06727272727272728	0.09454545454545454	0.025454545454545455	0.03272727272727273	0.05272727272727273	0.03636363636363636	0.06363636363636363	0.08545454545454545	0.04363636363636364	0.06727272727272728	0.007272727272727273	0.04
NP_006243.2	0.059782608695652176	0.018115942028985508	0.06340579710144928	0.05615942028985507	0.03804347826086957	0.057971014492753624	0.03985507246376811	0.05253623188405797	0.06340579710144928	0.09782608695652174	0.036231884057971016	0.028985507246376812	0.05434782608695652	0.030797101449275364	0.057971014492753624	0.08695652173913043	0.041666666666666664	0.07065217391304347	0.007246376811594203	0.03804347826086957
NP_848605.1	0.10326797385620914	0.018300653594771243	0.050980392156862744	0.05751633986928104	0.02483660130718954	0.06274509803921569	0.040522875816993466	0.04183006535947712	0.04967320261437908	0.134640522875817	0.027450980392156862	0.032679738562091505	0.05359477124183006	0.050980392156862744	0.050980392156862744	0.06535947712418301	0.03529411764705882	0.06143790849673202	0.01699346405228758	0.02091503267973856
NP_055655.1	0.057488653555219364	0.01361573373676248	0.060514372163388806	0.0680786686838124	0.024205748865355523	0.060514372163388806	0.03328290468986384	0.05143721633888049	0.06959152798789713	0.08925869894099848	0.0226928895612708	0.03177004538577912	0.06354009077155824	0.03479576399394856	0.07564296520423601	0.11346444780635401	0.036308623298033284	0.0529500756429652	0.009077155824508321	0.03177004538577912
NP_005914.1	0.06259097525473072	0.016739446870451237	0.05967976710334789	0.08078602620087336	0.04730713245997089	0.05749636098981077	0.026200873362445413	0.0611353711790393	0.06404657933042213	0.10262008733624454	0.018195050946142648	0.034934497816593885	0.04294032023289665	0.03566229985443959	0.0487627365356623	0.08296943231441048	0.05604075691411936	0.06331877729257641	0.009461426491994178	0.02911208151382824
NP_004663.3	0.08695652173913043	0.023291925465838508	0.040372670807453416	0.06677018633540373	0.03183229813664596	0.07065217391304347	0.02406832298136646	0.03260869565217391	0.02406832298136646	0.12888198757763975	0.016304347826086956	0.020186335403726708	0.07919254658385093	0.059782608695652176	0.07919254658385093	0.07065217391304347	0.04813664596273292	0.059006211180124224	0.010093167701863354	0.027950310559006212
NP_003591.2	0.05955334987593052	0.017369727047146403	0.02729528535980149	0.07692307692307693	0.03225806451612903	0.04714640198511166	0.02977667493796526	0.03722084367245657	0.0794044665012407	0.10669975186104218	0.009925558312655087	0.04714640198511166	0.07444168734491315	0.06699751861042183	0.06451612903225806	0.08188585607940446	0.04218362282878412	0.05955334987593052	0.009925558312655087	0.02977667493796526
AAH00442.2	0.06318681318681318	0.013736263736263736	0.03571428571428571	0.07142857142857142	0.03021978021978022	0.057692307692307696	0.03571428571428571	0.04945054945054945	0.06043956043956044	0.11538461538461539	0.02197802197802198	0.03296703296703297	0.07967032967032966	0.03571428571428571	0.07692307692307693	0.07692307692307693	0.038461538461538464	0.057692307692307696	0.01098901098901099	0.03571428571428571
AAC77369.1	0.05454545454545454	0.01818181818181818	0.04727272727272727	0.08727272727272728	0.03272727272727273	0.05090909090909091	0.04	0.06181818181818182	0.06181818181818182	0.13818181818181818	0.01818181818181818	0.014545454545454545	0.06181818181818182	0.03636363636363636	0.08727272727272728	0.04	0.03272727272727273	0.05818181818181818	0.01090909090909091	0.04727272727272727
NP_001690.2	0.0768361581920904	0.024858757062146894	0.04745762711864407	0.06892655367231638	0.024858757062146894	0.08022598870056497	0.022598870056497175	0.02937853107344633	0.02824858757062147	0.10508474576271186	0.022598870056497175	0.024858757062146894	0.08813559322033898	0.05310734463276836	0.05536723163841808	0.06327683615819209	0.061016949152542375	0.07231638418079096	0.021468926553672316	0.02937853107344633
NP_060063.2	0.07099697885196375	0.021148036253776436	0.03474320241691843	0.04833836858006042	0.04078549848942598	0.07250755287009064	0.0377643504531722	0.045317220543806644	0.04682779456193353	0.0770392749244713	0.027190332326283987	0.04682779456193353	0.0634441087613293	0.12084592145015106	0.04078549848942598	0.07250755287009064	0.04833836858006042	0.04984894259818731	0.006042296072507553	0.028700906344410877
NP_001706.2	0.06732673267326733	0.015841584158415842	0.047524752475247525	0.08316831683168317	0.03762376237623762	0.06336633663366337	0.015841584158415842	0.047524752475247525	0.06534653465346535	0.09900990099009901	0.0297029702970297	0.02574257425742574	0.06930693069306931	0.039603960396039604	0.06930693069306931	0.055445544554455446	0.04356435643564356	0.06534653465346535	0.019801980198019802	0.039603960396039604
NP_004320.2	0.05827067669172932	0.043233082706766915	0.05451127819548872	0.05639097744360902	0.03195488721804511	0.06390977443609022	0.020676691729323307	0.07518796992481203	0.06015037593984962	0.09586466165413533	0.03007518796992481	0.039473684210526314	0.03759398496240601	0.041353383458646614	0.05451127819548872	0.07142857142857142	0.05263157894736842	0.05451127819548872	0.015037593984962405	0.043233082706766915
NP_001194.1	0.0398406374501992	0.037848605577689244	0.053784860557768925	0.06772908366533864	0.027888446215139442	0.06374501992031872	0.029880478087649404	0.061752988047808766	0.06374501992031872	0.10159362549800798	0.025896414342629483	0.03187250996015936	0.05179282868525897	0.03386454183266932	0.061752988047808766	0.0796812749003984	0.061752988047808766	0.055776892430278883	0.013944223107569721	0.035856573705179286
NP_001195.2	0.05684007707129094	0.022157996146435453	0.04816955684007707	0.07032755298651253	0.019267822736030827	0.057803468208092484	0.025048169556840076	0.04431599229287091	0.04431599229287091	0.08766859344894026	0.02697495183044316	0.06551059730250482	0.06069364161849711	0.04238921001926782	0.055876685934489405	0.0953757225433526	0.07803468208092486	0.06069364161849711	0.011560693641618497	0.02697495183044316
NP_001712.1	0.04	0.01925925925925926	0.045925925925925926	0.0725925925925926	0.03851851851851852	0.04888888888888889	0.03111111111111111	0.037037037037037035	0.09037037037037036	0.0874074074074074	0.025185185185185185	0.044444444444444446	0.04296296296296296	0.05185185185185185	0.04296296296296296	0.10518518518518519	0.035555555555555556	0.06814814814814815	0.017777777777777778	0.054814814814814816
NP_004324.2	0.06788511749347259	0.016971279373368148	0.050913838120104436	0.05483028720626632	0.04308093994778068	0.0731070496083551	0.02610966057441253	0.05613577023498695	0.05352480417754569	0.08877284595300261	0.02349869451697128	0.03524804177545692	0.06657963446475196	0.05352480417754569	0.05221932114882506	0.10182767624020887	0.050913838120104436	0.05221932114882506	0.010443864229765013	0.022193211488250653
NP_005966.1	0.07538802660753881	0.022172949002217297	0.04878048780487805	0.082039911308204	0.03547671840354767	0.0598669623059867	0.04212860310421286	0.03325942350332594	0.04434589800443459	0.1130820399113082	0.019955654101995565	0.024390243902439025	0.050997782705099776	0.03325942350332594	0.07760532150776053	0.07095343680709534	0.028824833702882482	0.07095343680709534	0.028824833702882482	0.037694013303769404
NP_115806.1	0.05141388174807198	0.012853470437017995	0.043701799485861184	0.06555269922879177	0.02956298200514139	0.09254498714652956	0.033419023136246784	0.03470437017994859	0.056555269922879174	0.09897172236503857	0.017994858611825194	0.017994858611825194	0.10925449871465295	0.03470437017994859	0.07840616966580977	0.10925449871465295	0.03598971722365039	0.05141388174807198	0.005141388174807198	0.02056555269922879
NP_003948.2	0.04491017964071856	0.016467065868263474	0.04790419161676647	0.07035928143712575	0.03293413173652695	0.0658682634730539	0.03592814371257485	0.05538922155688623	0.0718562874251497	0.10029940119760479	0.020958083832335328	0.02694610778443114	0.08233532934131736	0.0374251497005988	0.0658682634730539	0.09131736526946108	0.04341317365269461	0.06287425149700598	0.005988023952095809	0.020958083832335328
NP_000052.1	0.04400606980273141	0.018209408194233688	0.0409711684370258	0.08801213960546282	0.036418816388467376	0.054628224582701064	0.02276176024279211	0.051593323216995446	0.08042488619119878	0.08649468892261002	0.030349013657056147	0.03490136570561457	0.05614567526555387	0.048558421851289835	0.051593323216995446	0.0819423368740516	0.03945371775417299	0.06069802731411229	0.01669195751138088	0.05614567526555387
NP_003647.1	0.08108108108108109	0.02702702702702703	0.07567567567567568	0.07837837837837838	0.03513513513513514	0.07297297297297298	0.02972972972972973	0.06486486486486487	0.07297297297297298	0.0972972972972973	0.01891891891891892	0.01891891891891892	0.04594594594594595	0.043243243243243246	0.03513513513513514	0.05945945945945946	0.03513513513513514	0.05675675675675676	0.013513513513513514	0.03783783783783784
NP_065130.1	0.08683473389355742	0.01680672268907563	0.058823529411764705	0.08403361344537816	0.036414565826330535	0.05042016806722689	0.022408963585434174	0.06162464985994398	0.09523809523809523	0.08403361344537816	0.022408963585434174	0.036414565826330535	0.03361344537815126	0.028011204481792718	0.036414565826330535	0.10084033613445378	0.028011204481792718	0.058823529411764705	0.014005602240896359	0.04481792717086835
NP_065172.1	0.058823529411764705	0.03361344537815126	0.03361344537815126	0.07773109243697479	0.03361344537815126	0.06092436974789916	0.03361344537815126	0.05672268907563025	0.07773109243697479	0.09243697478991597	0.023109243697478993	0.037815126050420166	0.05672268907563025	0.03361344537815126	0.037815126050420166	0.09663865546218488	0.05042016806722689	0.06092436974789916	0.01050420168067227	0.03361344537815126
NP_741960.1	0.07740585774058577	0.02092050209205021	0.0502092050209205	0.08158995815899582	0.03765690376569038	0.06694560669456066	0.043933054393305436	0.06485355648535565	0.06694560669456066	0.0899581589958159	0.016736401673640166	0.029288702928870293	0.04184100418410042	0.03556485355648536	0.056485355648535567	0.056485355648535567	0.058577405857740586	0.056485355648535567	0.016736401673640166	0.03138075313807531
NP_001211.3	0.0915915915915916	0.024024024024024024	0.04354354354354354	0.06606606606606606	0.028528528528528527	0.06906906906906907	0.03153153153153153	0.05555555555555555	0.05405405405405406	0.08408408408408409	0.013513513513513514	0.03303303303303303	0.08708708708708708	0.03753753753753754	0.052552552552552555	0.07057057057057058	0.06606606606606606	0.057057057057057055	0.010510510510510511	0.024024024024024024
AAD20442.1	0.07615230460921844	0.022044088176352707	0.05410821643286573	0.07014028056112225	0.04008016032064128	0.06412825651302605	0.036072144288577156	0.06613226452905811	0.07214428857715431	0.0841683366733467	0.022044088176352707	0.04008016032064128	0.050100200400801605	0.03807615230460922	0.050100200400801605	0.056112224448897796	0.06012024048096192	0.052104208416833664	0.01603206412825651	0.03006012024048096
NP_751913.1	0.07738095238095238	0.023809523809523808	0.05357142857142857	0.07142857142857142	0.03571428571428571	0.057539682539682536	0.041666666666666664	0.06349206349206349	0.07142857142857142	0.0873015873015873	0.011904761904761904	0.04365079365079365	0.04365079365079365	0.04563492063492063	0.0496031746031746	0.05357142857142857	0.06547619047619048	0.057539682539682536	0.013888888888888888	0.031746031746031744
NP_001735.1	0.1014799154334038	0.016913319238900635	0.05496828752642706	0.08668076109936575	0.02959830866807611	0.06765327695560254	0.016913319238900635	0.05708245243128964	0.0824524312896406	0.08879492600422834	0.016913319238900635	0.021141649048625793	0.052854122621564484	0.03805496828752643	0.040169133192389	0.06553911205073996	0.040169133192389	0.0824524312896406	0.010570824524312896	0.02959830866807611
NP_115670.1	0.07920792079207921	0.015841584158415842	0.053465346534653464	0.09306930693069307	0.027722772277227723	0.07128712871287128	0.023762376237623763	0.04554455445544554	0.061386138613861385	0.09900990099009901	0.013861386138613862	0.027722772277227723	0.08514851485148515	0.03564356435643564	0.0594059405940594	0.06930693069306931	0.027722772277227723	0.07722772277227723	0.007920792079207921	0.02574257425742574
NP_006540.3	0.05612244897959184	0.025510204081632654	0.04591836734693878	0.08333333333333333	0.025510204081632654	0.07653061224489796	0.025510204081632654	0.04591836734693878	0.05272108843537415	0.0935374149659864	0.025510204081632654	0.02891156462585034	0.09013605442176871	0.04081632653061224	0.0663265306122449	0.0935374149659864	0.034013605442176874	0.06462585034013606	0.00510204081632653	0.02040816326530612
NP_003679.2	0.06406080347448426	0.01737242128121607	0.05971769815418024	0.07926167209554831	0.03474484256243214	0.05428881650380022	0.038002171552660155	0.05971769815418024	0.06406080347448426	0.08686210640608034	0.0249728555917481	0.038002171552660155	0.05428881650380022	0.04234527687296417	0.05428881650380022	0.06406080347448426	0.048859934853420196	0.07057546145494029	0.009771986970684038	0.03474484256243214
NP_277023.1	0.04341926729986431	0.004070556309362279	0.05563093622795115	0.16960651289009498	0.025780189959294438	0.05698778833107191	0.027137042062415198	0.031207598371777476	0.07869742198100407	0.07869742198100407	0.025780189959294438	0.021709633649932156	0.051560379918588875	0.035278154681139755	0.09633649932157395	0.08412483039348712	0.03934871099050204	0.04206241519674356	0.009497964721845319	0.023066485753052916
NP_076916.1	0.04247104247104247	0.006435006435006435	0.055341055341055344	0.16731016731016732	0.02445302445302445	0.05791505791505792	0.029601029601029602	0.032175032175032175	0.08365508365508366	0.07850707850707851	0.02445302445302445	0.023166023166023165	0.0489060489060489	0.036036036036036036	0.09395109395109395	0.08108108108108109	0.03861003861003861	0.04247104247104247	0.011583011583011582	0.021879021879021878
NP_003709.3	0.07936507936507936	0.008597883597883597	0.04828042328042328	0.061507936507936505	0.01917989417989418	0.07605820105820106	0.023148148148148147	0.032407407407407406	0.07407407407407407	0.08664021164021164	0.011904761904761904	0.027116402116402115	0.08664021164021164	0.046957671957671955	0.07738095238095238	0.12632275132275134	0.046957671957671955	0.036375661375661374	0.005952380952380952	0.02513227513227513
NP_055891.1	0.07171314741035857	0.0099601593625498	0.061752988047808766	0.05179282868525897	0.035856573705179286	0.06374501992031872	0.0398406374501992	0.04183266932270916	0.07171314741035857	0.08964143426294821	0.021912350597609563	0.03187250996015936	0.07370517928286853	0.07569721115537849	0.05179282868525897	0.07569721115537849	0.037848605577689244	0.04183266932270916	0.01195219123505976	0.0398406374501992
NP_001789.2	0.06375838926174497	0.010067114093959731	0.053691275167785234	0.05704697986577181	0.053691275167785234	0.053691275167785234	0.03355704697986577	0.053691275167785234	0.07046979865771812	0.13087248322147652	0.016778523489932886	0.026845637583892617	0.06375838926174497	0.030201342281879196	0.053691275167785234	0.04697986577181208	0.05704697986577181	0.07718120805369127	0.013422818791946308	0.03355704697986577
NP_001249.1	0.05245901639344262	0.006557377049180328	0.04590163934426229	0.06885245901639345	0.04918032786885246	0.05901639344262295	0.029508196721311476	0.05573770491803279	0.06557377049180328	0.13442622950819672	0.022950819672131147	0.019672131147540985	0.06229508196721312	0.04262295081967213	0.06229508196721312	0.05573770491803279	0.05245901639344262	0.06229508196721312	0.013114754098360656	0.03934426229508197
NP_000066.1	0.07260726072607261	0.013201320132013201	0.056105610561056105	0.0627062706270627	0.0429042904290429	0.07920792079207921	0.0297029702970297	0.036303630363036306	0.036303630363036306	0.10891089108910891	0.026402640264026403	0.0231023102310231	0.08250825082508251	0.026402640264026403	0.07590759075907591	0.04950495049504951	0.04950495049504951	0.0891089108910891	0.009900990099009901	0.0297029702970297
NP_004926.1	0.0547945205479452	0.0273972602739726	0.07191780821917808	0.05821917808219178	0.05136986301369863	0.0547945205479452	0.023972602739726026	0.03767123287671233	0.07876712328767123	0.136986301369863	0.0136986301369863	0.04452054794520548	0.06506849315068493	0.030821917808219176	0.0547945205479452	0.04794520547945205	0.0410958904109589	0.06164383561643835	0.010273972602739725	0.03424657534246575
NP_001790.1	0.06936416184971098	0.014450867052023121	0.057803468208092484	0.05202312138728324	0.049132947976878616	0.06647398843930635	0.028901734104046242	0.057803468208092484	0.06936416184971098	0.14450867052023122	0.023121387283236993	0.04046242774566474	0.06069364161849711	0.03757225433526012	0.05202312138728324	0.04335260115606936	0.05202312138728324	0.04335260115606936	0.011560693641618497	0.02601156069364162
NP_001251.1	0.05387931034482758	0.01293103448275862	0.07112068965517242	0.05172413793103448	0.036637931034482756	0.05818965517241379	0.04741379310344827	0.04956896551724138	0.08405172413793104	0.08620689655172414	0.028017241379310345	0.034482758620689655	0.07112068965517242	0.05172413793103448	0.05172413793103448	0.0603448275862069	0.04956896551724138	0.04525862068965517	0.01293103448275862	0.04310344827586207
NP_001252.1	0.05913978494623656	0.01881720430107527	0.056451612903225805	0.06182795698924731	0.03763440860215054	0.051075268817204304	0.021505376344086023	0.051075268817204304	0.07795698924731183	0.12096774193548387	0.02956989247311828	0.04838709677419355	0.04838709677419355	0.0456989247311828	0.06182795698924731	0.051075268817204304	0.04838709677419355	0.05913978494623656	0.013440860215053764	0.03763440860215054
NP_004187.2	0.027932960893854747	0.027932960893854747	0.055865921787709494	0.061452513966480445	0.03910614525139665	0.05027932960893855	0.0446927374301676	0.05865921787709497	0.08659217877094973	0.12011173184357542	0.013966480446927373	0.036312849162011177	0.061452513966480445	0.03910614525139665	0.061452513966480445	0.04189944134078212	0.05307262569832402	0.061452513966480445	0.0111731843575419	0.04748603351955307
NP_003939.1	0.04462474645030426	0.02231237322515213	0.07099391480730223	0.06490872210953347	0.038539553752535496	0.056795131845841784	0.034482758620689655	0.060851926977687626	0.0973630831643002	0.09330628803245436	0.02434077079107505	0.0486815415821501	0.05273833671399594	0.032454361054766734	0.0486815415821501	0.06288032454361055	0.034482758620689655	0.07707910750507099	0.006085192697768763	0.028397565922920892
NP_001107047.1	0.037162162162162164	0.013513513513513514	0.04391891891891892	0.07601351351351351	0.037162162162162164	0.05912162162162162	0.03547297297297297	0.06756756756756757	0.10641891891891891	0.09121621621621621	0.02533783783783784	0.060810810810810814	0.05574324324324324	0.04222972972972973	0.048986486486486486	0.07094594594594594	0.04391891891891892	0.05405405405405406	0.005067567567567568	0.02533783783783784
NP_003150.1	0.04757281553398058	0.011650485436893204	0.038834951456310676	0.062135922330097085	0.03203883495145631	0.05533980582524272	0.04174757281553398	0.030097087378640777	0.06699029126213592	0.0941747572815534	0.017475728155339806	0.05145631067961165	0.07766990291262135	0.05145631067961165	0.06990291262135923	0.1262135922330097	0.05436893203883495	0.039805825242718446	0.0048543689320388345	0.02621359223300971
NP_001265.2	0.04201680672268908	0.02100840336134454	0.06302521008403361	0.06512605042016807	0.037815126050420166	0.05672268907563025	0.02100840336134454	0.05672268907563025	0.0861344537815126	0.10294117647058823	0.023109243697478993	0.04831932773109244	0.05672268907563025	0.037815126050420166	0.052521008403361345	0.07352941176470588	0.04201680672268908	0.06302521008403361	0.02100840336134454	0.029411764705882353
NP_001005735.1	0.06143344709897611	0.023890784982935155	0.04948805460750853	0.08703071672354949	0.03583617747440273	0.05631399317406143	0.023890784982935155	0.04607508532423208	0.06825938566552901	0.09556313993174062	0.011945392491467578	0.034129692832764506	0.051194539249146756	0.040955631399317405	0.04948805460750853	0.1075085324232082	0.05460750853242321	0.06143344709897611	0.010238907849829351	0.030716723549488054
NP_009105.1	0.07498766650222002	0.017760236803157376	0.04489393191909225	0.10952146028613714	0.02960039467192896	0.04045387271830291	0.026147015293537246	0.038973852984706465	0.07498766650222002	0.1139615194869265	0.0246669955599408	0.03552047360631475	0.04242723236309817	0.06364084854464726	0.06660088801184016	0.07844104588061174	0.04045387271830291	0.04785397138628515	0.006413418845584608	0.022693635915145536
AAA61480.1	0.03512396694214876	0.026859504132231406	0.07231404958677685	0.06818181818181818	0.03512396694214876	0.045454545454545456	0.0743801652892562	0.05371900826446281	0.07851239669421488	0.07231404958677685	0.01859504132231405	0.028925619834710745	0.030991735537190084	0.026859504132231406	0.08884297520661157	0.09504132231404959	0.04132231404958678	0.045454545454545456	0.014462809917355372	0.047520661157024795
NP_003984.2	0.03815261044176707	0.01606425702811245	0.06827309236947791	0.07228915662650602	0.03815261044176707	0.04216867469879518	0.05220883534136546	0.03815261044176707	0.04819277108433735	0.07028112449799197	0.01606425702811245	0.03413654618473896	0.030120481927710843	0.02610441767068273	0.14457831325301204	0.10240963855421686	0.03815261044176707	0.04819277108433735	0.014056224899598393	0.06224899598393574
NP_003983.2	0.03469387755102041	0.026530612244897958	0.04081632653061224	0.08775510204081632	0.04693877551020408	0.04693877551020408	0.061224489795918366	0.03469387755102041	0.05918367346938776	0.08163265306122448	0.02040816326530612	0.03469387755102041	0.05102040816326531	0.02857142857142857	0.12244897959183673	0.0836734693877551	0.03877551020408163	0.04081632653061224	0.012244897959183673	0.04693877551020408
NP_065717.1	0.02702702702702703	0.031185031185031187	0.07068607068607069	0.07276507276507277	0.037422037422037424	0.04158004158004158	0.079002079002079	0.0498960498960499	0.06652806652806653	0.07068607068607069	0.02286902286902287	0.029106029106029108	0.029106029106029108	0.035343035343035345	0.10187110187110188	0.08523908523908524	0.035343035343035345	0.056133056133056136	0.012474012474012475	0.04573804573804574
NP_005202.2	0.06584362139917696	0.021604938271604937	0.044238683127572016	0.056584362139917695	0.040123456790123455	0.07098765432098765	0.02880658436213992	0.03806584362139918	0.04218106995884774	0.10699588477366255	0.018518518518518517	0.046296296296296294	0.06172839506172839	0.051440329218107	0.0411522633744856	0.0823045267489712	0.051440329218107	0.07716049382716049	0.01748971193415638	0.037037037037037035
NP_004374.1	0.07333333333333333	0.022222222222222223	0.05333333333333334	0.07555555555555556	0.03333333333333333	0.07333333333333333	0.024444444444444446	0.03777777777777778	0.07777777777777778	0.10222222222222223	0.028888888888888888	0.03333333333333333	0.042222222222222223	0.028888888888888888	0.04666666666666667	0.05333333333333334	0.04888888888888889	0.08222222222222222	0.017777777777777778	0.044444444444444446
NP_001883.4	0.05934718100890208	0.011869436201780416	0.04747774480712166	0.050445103857566766	0.050445103857566766	0.07418397626112759	0.02373887240356083	0.05637982195845697	0.08902077151335312	0.09495548961424333	0.03857566765578635	0.04154302670623145	0.02967359050445104	0.05637982195845697	0.06231454005934718	0.06231454005934718	0.050445103857566766	0.03560830860534125	0.008902077151335312	0.05637982195845697
NP_660204.1	0.04154302670623145	0.011869436201780416	0.04747774480712166	0.05341246290801187	0.04747774480712166	0.07418397626112759	0.02967359050445104	0.04154302670623145	0.08902077151335312	0.09792284866468842	0.04154302670623145	0.05341246290801187	0.026706231454005934	0.05934718100890208	0.05637982195845697	0.05341246290801187	0.05934718100890208	0.05341246290801187	0.008902077151335312	0.05341246290801187
NP_620693.1	0.05134474327628362	0.012224938875305624	0.05134474327628362	0.05867970660146699	0.04156479217603912	0.07823960880195599	0.03178484107579462	0.05134474327628362	0.061124694376528114	0.09290953545232274	0.03178484107579462	0.04156479217603912	0.04645476772616137	0.029339853300733496	0.09535452322738386	0.08068459657701711	0.05378973105134474	0.039119804400977995	0.007334963325183374	0.044009779951100246
NP_001885.1	0.0625	0.01201923076923077	0.04807692307692308	0.06009615384615385	0.04326923076923077	0.07932692307692307	0.026442307692307692	0.05048076923076923	0.06490384615384616	0.09134615384615384	0.028846153846153848	0.04326923076923077	0.05048076923076923	0.03125	0.09134615384615384	0.08173076923076923	0.038461538461538464	0.04567307692307692	0.007211538461538462	0.04326923076923077
NP_071331.2	0.052132701421800945	0.018957345971563982	0.04976303317535545	0.07345971563981042	0.04265402843601896	0.06872037914691943	0.037914691943127965	0.04265402843601896	0.07582938388625593	0.09004739336492891	0.023696682464454975	0.035545023696682464	0.054502369668246446	0.035545023696682464	0.07582938388625593	0.061611374407582936	0.05687203791469194	0.04976303317535545	0.004739336492890996	0.04976303317535545
NP_001310.2	0.05060240963855422	0.016867469879518072	0.05783132530120482	0.06746987951807229	0.04819277108433735	0.0819277108433735	0.03132530120481928	0.043373493975903614	0.07951807228915662	0.0963855421686747	0.024096385542168676	0.033734939759036145	0.05542168674698795	0.03132530120481928	0.07228915662650602	0.05060240963855422	0.06506024096385542	0.04096385542168675	0.004819277108433735	0.04819277108433735
NP_004375.2	0.053691275167785234	0.015659955257270694	0.06711409395973154	0.05592841163310962	0.040268456375838924	0.0738255033557047	0.035794183445190156	0.042505592841163314	0.08053691275167785	0.087248322147651	0.03131991051454139	0.040268456375838924	0.049217002237136466	0.0447427293064877	0.07606263982102908	0.058165548098434	0.05145413870246085	0.042505592841163314	0.006711409395973154	0.04697986577181208
NP_001886.1	0.056265984654731455	0.005115089514066497	0.06905370843989769	0.056265984654731455	0.03324808184143223	0.056265984654731455	0.04092071611253197	0.05370843989769821	0.058823529411764705	0.08439897698209718	0.03836317135549872	0.043478260869565216	0.061381074168797956	0.030690537084398978	0.06649616368286446	0.0639386189258312	0.03324808184143223	0.07672634271099744	0.01278772378516624	0.058823529411764705
NP_001887.1	0.05714285714285714	0.008571428571428572	0.06857142857142857	0.06285714285714286	0.037142857142857144	0.045714285714285714	0.04	0.054285714285714284	0.07714285714285714	0.10285714285714286	0.025714285714285714	0.045714285714285714	0.04285714285714286	0.04285714285714286	0.06571428571428571	0.04857142857142857	0.025714285714285714	0.06857142857142857	0.014285714285714285	0.06571428571428571
NP_002369.2	0.08661417322834646	0.017716535433070866	0.03543307086614173	0.07874015748031496	0.03346456692913386	0.08070866141732283	0.03937007874015748	0.021653543307086614	0.06299212598425197	0.10826771653543307	0.023622047244094488	0.017716535433070866	0.05905511811023622	0.04133858267716536	0.07874015748031496	0.06299212598425197	0.03740157480314961	0.07677165354330709	0.017716535433070866	0.01968503937007874
NP_004929.2	0.06433566433566433	0.024475524475524476	0.05944055944055944	0.06083916083916084	0.03566433566433566	0.06083916083916084	0.033566433566433566	0.05174825174825175	0.055944055944055944	0.11748251748251748	0.02027972027972028	0.04965034965034965	0.045454545454545456	0.03986013986013986	0.05384615384615385	0.07412587412587412	0.046153846153846156	0.06993006993006994	0.009790209790209791	0.026573426573426574
NP_055141.2	0.051351351351351354	0.008108108108108109	0.05405405405405406	0.1	0.05405405405405406	0.04054054054054054	0.02972972972972973	0.07297297297297298	0.07027027027027027	0.1	0.01891891891891892	0.03783783783783784	0.03513513513513514	0.03783783783783784	0.07567567567567568	0.07297297297297298	0.04594594594594595	0.06486486486486487	0.008108108108108109	0.021621621621621623
NP_001339.1	0.07048458149779736	0.006607929515418502	0.046255506607929514	0.12555066079295155	0.04405286343612335	0.05506607929515418	0.022026431718061675	0.06167400881057269	0.07048458149779736	0.11013215859030837	0.013215859030837005	0.03524229074889868	0.02643171806167401	0.03524229074889868	0.0947136563876652	0.06387665198237885	0.039647577092511016	0.046255506607929514	0.006607929515418502	0.02643171806167401
NP_004725.1	0.05075445816186557	0.013717421124828532	0.0644718792866941	0.056241426611796985	0.037037037037037035	0.07133058984910837	0.019204389574759947	0.056241426611796985	0.06995884773662552	0.0823045267489712	0.01783264746227709	0.03292181069958848	0.05212620027434842	0.03017832647462277	0.0644718792866941	0.10425240054869685	0.06310013717421124	0.07133058984910837	0.006858710562414266	0.03566529492455418
NP_001035351.3	0.06405228758169934	0.022222222222222223	0.050980392156862744	0.06535947712418301	0.03529411764705882	0.07581699346405228	0.0196078431372549	0.05359477124183006	0.07058823529411765	0.0784313725490196	0.011764705882352941	0.040522875816993466	0.06535947712418301	0.023529411764705882	0.05751633986928104	0.1111111111111111	0.05620915032679739	0.06666666666666667	0.006535947712418301	0.02483660130718954
NP_208382.1	0.06018518518518518	0.016975308641975308	0.05092592592592592	0.10802469135802469	0.020061728395061727	0.06481481481481481	0.033950617283950615	0.043209876543209874	0.09259259259259259	0.08487654320987655	0.024691358024691357	0.018518518518518517	0.06481481481481481	0.035493827160493825	0.08641975308641975	0.06635802469135803	0.041666666666666664	0.05709876543209876	0.010802469135802469	0.018518518518518517
NP_001945.3	0.07648401826484018	0.019406392694063926	0.05593607305936073	0.05593607305936073	0.03767123287671233	0.09360730593607305	0.021689497716894976	0.02968036529680365	0.023972602739726026	0.11529680365296803	0.0273972602739726	0.0319634703196347	0.08105022831050228	0.03881278538812785	0.07648401826484018	0.06278538812785388	0.030821917808219176	0.0684931506849315	0.021689497716894976	0.030821917808219176
CAA52777.1	0.05497076023391813	0.01871345029239766	0.06315789473684211	0.05964912280701754	0.04912280701754386	0.06432748538011696	0.021052631578947368	0.05964912280701754	0.04093567251461988	0.0912280701754386	0.03625730994152047	0.0456140350877193	0.056140350877192984	0.03976608187134503	0.050292397660818715	0.07953216374269007	0.04912280701754386	0.06432748538011696	0.01871345029239766	0.03742690058479532
NP_006292.2	0.05820721769499418	0.01979045401629802	0.050058207217694994	0.08381839348079162	0.01979045401629802	0.09778812572759023	0.02910360884749709	0.03143189755529686	0.048894062863795114	0.10710128055878929	0.018626309662398137	0.020954598370197905	0.09429569266589057	0.030267753201396973	0.06868451688009314	0.10360884749708964	0.04540162980209546	0.046565774155995346	0.013969732246798603	0.011641443538998836
NP_004400.4	0.09697933227344992	0.014308426073131956	0.058823529411764705	0.08585055643879173	0.03815580286168521	0.08426073131955485	0.02384737678855326	0.02702702702702703	0.02066772655007949	0.12559618441971382	0.02384737678855326	0.012718600953895072	0.06836248012718601	0.0397456279809221	0.07313195548489666	0.046104928457869634	0.0397456279809221	0.08267090620031796	0.011128775834658187	0.02702702702702703
NP_059995.2	0.08639587362991619	0.016118633139909737	0.04513217279174726	0.09026434558349453	0.030303030303030304	0.07479045776918117	0.02321083172147002	0.018052869116698903	0.030303030303030304	0.13539651837524178	0.014184397163120567	0.016763378465506126	0.06963249516441006	0.06318504190844616	0.08897485493230174	0.0735009671179884	0.04319793681495809	0.05222437137330754	0.01160541586073501	0.016763378465506126
NP_004751.1	0.05555555555555555	0.016908212560386472	0.04589371980676329	0.11835748792270531	0.03864734299516908	0.06763285024154589	0.016908212560386472	0.06763285024154589	0.06038647342995169	0.09420289855072464	0.028985507246376812	0.021739130434782608	0.057971014492753624	0.04106280193236715	0.057971014492753624	0.07729468599033816	0.04589371980676329	0.057971014492753624	0.007246376811594203	0.021739130434782608
NP_004217.1	0.04032258064516129	0.026881720430107527	0.053763440860215055	0.08870967741935484	0.03763440860215054	0.043010752688172046	0.026881720430107527	0.08333333333333333	0.04838709677419355	0.10215053763440861	0.021505376344086023	0.051075268817204304	0.043010752688172046	0.04032258064516129	0.051075268817204304	0.09946236559139784	0.053763440860215055	0.04838709677419355	0.008064516129032258	0.03225806451612903
NP_569121.1	0.05185185185185185	0.012962962962962963	0.05925925925925926	0.04814814814814815	0.03888888888888889	0.05925925925925926	0.03518518518518519	0.05185185185185185	0.07407407407407407	0.08888888888888889	0.037037037037037035	0.040740740740740744	0.05	0.05925925925925926	0.05555555555555555	0.07777777777777778	0.05	0.05555555555555555	0.009259259259259259	0.044444444444444446
NP_004705.1	0.07154213036565978	0.01589825119236884	0.04769475357710652	0.04292527821939587	0.02702702702702703	0.08108108108108109	0.03179650238473768	0.03815580286168521	0.04292527821939587	0.10810810810810811	0.019077901430842606	0.030206677265500796	0.10651828298887123	0.0492845786963434	0.07154213036565978	0.08267090620031796	0.04769475357710652	0.04292527821939587	0.006359300476947536	0.03656597774244833
NP_003574.1	0.04734848484848485	0.017045454545454544	0.043560606060606064	0.05113636363636364	0.032196969696969696	0.07765151515151515	0.03977272727272727	0.04734848484848485	0.07196969696969698	0.10416666666666667	0.03409090909090909	0.041666666666666664	0.054924242424242424	0.056818181818181816	0.06439393939393939	0.06628787878787878	0.05303030303030303	0.056818181818181816	0.007575757575757576	0.032196969696969696
NP_005219.2	0.05950413223140496	0.049586776859504134	0.050413223140495865	0.06363636363636363	0.02975206611570248	0.07024793388429752	0.0256198347107438	0.05702479338842975	0.05454545454545454	0.09173553719008265	0.02066115702479339	0.05454545454545454	0.06198347107438017	0.04049586776859504	0.049586776859504134	0.06942148760330578	0.05289256198347107	0.05785123966942149	0.010743801652892562	0.02975206611570248
